
51.00
73.00
48.00
16.00
12.00
14.00
15.00
14.00
15.00
13.00
15.00
13.00
14.00
14.00
14.00
15.00
14.00
16.00
14.00
15.00
16.00
16.00
16.00
16.00
18.00
15.00
18.00
16.00
16.00
17.00
16.00
18.00
15.00
18.00
16.00
17.00
17.00
16.00
16.00
15.00
16.00
13.00
15.00
15.00
14.00
15.00
14.00
16.00
13.00
17.00
14.00
15.00
15.00
14.00
15.00
14.00
17.00
13.00
15.00
15.00
14.00
15.00
14.00
16.00
13.00
15.00
15.00
14.00
14.00
13.00
15.00
13.00
16.00
13.00
14.00
14.00
13.00
14.00
13.00
15.00
12.00
16.00
15.00
16.00
17.00
16.00
18.00
15.00
18.00
15.00
15.00
14.00
13.00
13.00
11.00
14.00
11.00
13.00
13.00
11.00
7.00
1.00
2.00
22.00
59.00
73.00
41.00
14.00
11.00
15.00
14.00
14.00
14.00
14.00
14.00
12.00
15.00
13.00
13.00
14.00
14.00
15.00
14.00
16.00
14.00
16.00
15.00
16.00
16.00
15.00
17.00
15.00
17.00
16.00
16.00
17.00
16.00
18.00
16.00
18.00
15.00
16.00
16.00
15.00
15.00
14.00
16.00
13.00
15.00
15.00
14.00
16.00
14.00
15.00
13.00
16.00
14.00
14.00
15.00
14.00
15.00
14.00
16.00
13.00
15.00
14.00
14.00
15.00
13.00
15.00
12.00
16.00
13.00
14.00
14.00
14.00
15.00
13.00
15.00
12.00
14.00
14.00
13.00
14.00
13.00
16.00
14.00
16.00
16.00
16.00
17.00
16.00
18.00
14.00
17.00
14.00
14.00
13.00
13.00
13.00
11.00
14.00
11.00
14.00
10.00
3.00
1.00
6.00
36.00
70.00
64.00
25.00
11.00
15.00
14.00
15.00
13.00
14.00
14.00
13.00
14.00
12.00
15.00
13.00
14.00
14.00
14.00
15.00
14.00
17.00
14.00
16.00
15.00
15.00
16.00
15.00
17.00
14.00
18.00
15.00
16.00
17.00
16.00
17.00
15.00
17.00
14.00
15.00
15.00
15.00
15.00
14.00
16.00
13.00
15.00
14.00
14.00
15.00
14.00
16.00
14.00
16.00
13.00
14.00
15.00
14.00
15.00
14.00
15.00
13.00
15.00
14.00
14.00
14.00
14.00
15.00
12.00
15.00
13.00
14.00
14.00
14.00
14.00
13.00
15.00
13.00
14.00
14.00
13.00
14.00
12.00
15.00
13.00
17.00
16.00
16.00
17.00
16.00
18.00
15.00
17.00
14.00
14.00
13.00
12.00
13.00
12.00
14.00
11.00
13.00
12.00
7.00
3.00
0.00
15.00
54.00
74.00
50.00
14.00
14.00
13.00
16.00
13.00
13.00
14.00
13.00
15.00
13.00
15.00
13.00
14.00
15.00
13.00
15.00
14.00
16.00
14.00
16.00
16.00
15.00
16.00
15.00
17.00
15.00
18.00
15.00
15.00
17.00
16.00
17.00
16.00
18.00
14.00
16.00
15.00
14.00
15.00
14.00
16.00
13.00
16.00
14.00
14.00
15.00
14.00
15.00
14.00
16.00
13.00
15.00
14.00
14.00
15.00
13.00
16.00
13.00
15.00
14.00
14.00
15.00
14.00
15.00
12.00
15.00
13.00
14.00
14.00
14.00
14.00
12.00
15.00
12.00
14.00
14.00
13.00
14.00
13.00
15.00
12.00
15.00
13.00
14.00
15.00
15.00
17.00
15.00
18.00
16.00
17.00
16.00
14.00
14.00
12.00
14.00
11.00
14.00
12.00
12.00
13.00
11.00
8.00
1.00
0.00
9.00
38.00
72.00
59.00
22.00
12.00
14.00
15.00
13.00
15.00
11.00
15.00
13.00
13.00
14.00
13.00
14.00
12.00
15.00
12.00
15.00
14.00
14.00
15.00
14.00
16.00
14.00
16.00
15.00
15.00
16.00
15.00
16.00
14.00
17.00
15.00
16.00
16.00
15.00
16.00
15.00
16.00
13.00
15.00
14.00
14.00
14.00
13.00
16.00
13.00
16.00
14.00
14.00
14.00
14.00
15.00
13.00
16.00
13.00
15.00
14.00
14.00
14.00
12.00
15.00
12.00
15.00
13.00
13.00
14.00
13.00
14.00
12.00
15.00
12.00
13.00
14.00
13.00
14.00
12.00
15.00
11.00
14.00
14.00
13.00
14.00
13.00
14.00
11.00
16.00
14.00
15.00
16.00
16.00
17.00
16.00
17.00
14.00
15.00
13.00
12.00
13.00
11.00
14.00
11.00
13.00
12.00
10.00
6.00
0.00
1.00
19.00
58.00
73.00
41.00
14.00
11.00
16.00
13.00
13.00
14.00
12.00
14.00
11.00
14.00
12.00
14.00
13.00
13.00
14.00
13.00
15.00
13.00
16.00
14.00
15.00
15.00
14.00
15.00
14.00
16.00
14.00
16.00
15.00
15.00
16.00
15.00
17.00
14.00
16.00
15.00
14.00
14.00
13.00
15.00
13.00
16.00
13.00
14.00
15.00
14.00
15.00
13.00
16.00
12.00
15.00
15.00
14.00
14.00
14.00
15.00
12.00
15.00
14.00
13.00
14.00
13.00
14.00
12.00
15.00
12.00
14.00
14.00
14.00
14.00
12.00
14.00
12.00
15.00
13.00
13.00
14.00
13.00
14.00
11.00
15.00
13.00
13.00
13.00
13.00
14.00
14.00
17.00
14.00
17.00
16.00
16.00
17.00
15.00
16.00
12.00
14.00
12.00
11.00
13.00
11.00
13.00
11.00
14.00
6.00
2.00
0.00
7.00
39.00
70.00
61.00
22.00
11.00
15.00
13.00
15.00
12.00
13.00
13.00
13.00
13.00
12.00
14.00
12.00
14.00
14.00
14.00
15.00
13.00
15.00
13.00
16.00
14.00
14.00
15.00
14.00
16.00
14.00
17.00
14.00
15.00
16.00
16.00
17.00
15.00
17.00
13.00
16.00
14.00
14.00
14.00
14.00
15.00
13.00
15.00
13.00
14.00
14.00
14.00
15.00
14.00
16.00
13.00
15.00
14.00
14.00
