00600
00571
00552
00621
00524
00649
00513
00639
00520
00594
00555
00541
00597
00503
00622
00486
00613
00489
00567
00519
00525
00574
00501
00617
00476
00606
00492
00573
00513
00531
00568
00495
00603
00477
00611
00480
00580
00507
00534
00571
00497
00600
00480
00622
00476
00583
00511
00540
00556
00500
00595
00479
00610
00476
00593
00498
00555
00554
00513
00598
00481
00609
00478
00605
00493
00557
00545
00517
00594
00487
00613
00480
00606
00494
00564
00539
00521
00589
00492
00614
00492
00612
00494
00575
00540
00538
00598
00509
00630
00498
00634
00514
00601
00554
00562
00612
00533
00648
00519
00659
00521
00618
00555
00564
00600
00538
00651
00517
00642
00504
00598
00521
00548
00570
00502
00609
00489
00630
00488
00594
00507
00546
00558
00506
00601
00490
00635
00484
00591
00496
00567
00600
00629
00749
00674
00817
00678
00757
00609
00649
00572
00491
00549
00453
00597
00469
00601
00487
00566
00542
00521
00597
00498
00618
00480
00607
00490
00572
00534
00525
00583
00497
00617
00484
00616
00494
00579
00531
00554
00601
00515
00635
00494
00646
00513
00602
00541
00559
00598
00529
00640
00516
00658
00521
00625
00560
00581
00608
00547
00651
00529
00663
00529
00637
00551
00589
00603
00553
00652
00526
00665
00519
00637
00540
00585
00587
00556
00637
00516
00645
00506
00619
00515
00576
00562
00533
00606
00498
00623
00485
00602
00494
00557
00533
00513
00583
00486
00611
00477
00603
00486
00569
00529
00518
00579
00497
00611
00484
00609
00492
00569
00521
00526
00575
00492
00608
00477
00609
00484
00575
00515
00529
00570
00494
00605
00477
00612
00482
00578
00508
00535
00564
00498
00603
00480
00612
00478
00584
00507
00541
00565
00503
00603
00482
00615
00482
00596
00504
00551
00555
00507
00596
00483
00616
00484
00607
00507
00571
00565
00531
00613
00517
00642
00508
00634
00527
00595
00575
00570
00643
00535
00656
00515
00640
00528
00603
00561
00552
00611
00511
00630
00496
00625
00498
00575
00528
00525
00577
00494
00609
00490
00611
00486
00575
00520
00534
00578
00498
00605
00470
00596
00479
00598
00564
00630
00703
00685
00802
00679
00768
00590
00652
00517
00503
00509
00465
00580
00471
00609
00478
00593
00507
00556
00562
00518
00604
00486
00624
00481
00607
00499
00555
00549
00514
00596
00486
00619
00483
00606
00497
00558
00542
00520
00596
00498
00626
00489
00620
00510
00588
00561
00551
00618
00523
00649
00517
00648
00531
00621
00574
00571
00625
00540
00658
00525
00656
00530
00620
00566
00592
00636
00552
00660
00526
00656
00526
00618
00557
00578
00604
00538
00635
00509
00640
00505
00605
00524
00552
00572
00513
00611
00484
00614
00478
00584
00499
00541
00552
00504
00598
00481
00614
00478
00596
00498
00552
00549
00514
00595
00488
00624
00487
00604
00499
00557
00542
00516
00590
00487
00615
00476
00599
00487
00560
00534
00518
00584
00486
00613
00476
00605
00487
00569
00531
00531
00585
00490
00608
00476
00608
00486
00572
00523
00529
00575
00498
00614
00484
00618
00492
00582
00531
00538
00574
00502
00612
00485
00621
00493
00600
00528
00558
00584
00524
00635
00508
00646
00522
00619
00537
00578
00593
00541
00637
00516
00646
00511
00646
00545
00586
00585
00536
00620
00505
00630
00489
00605
00499
00556
00546
00513
00604
00489
00618
00481
00610
00497
00569
00544
00521
00593
00478
00596
00473
00628
00542
00665
00673
00728
00800
00693
00772
00588
00671
00488
00541
00475
00495
00571
00490
00611
00481
00614
00487
00578
00521
00532
00573
00501
00612
00483
00615
00487
00588
00515
00540
00571
00506
00617
00487
00620
00487
00595
00514
00552
00570
00518
00617
00497
00636
00505
00623
00532
00580
00596
00546
00638
00527
00659
00522
00664
00556
00610
00600
00566
00646
00533
00666
00527
00654
00542
00609
00588
00565
00637
00542
00679
00534
00656
00536
00606
00570
00553
00620
00519
00639
00504
00629
00505
00588
00541
00535
00586
00496
00612
00479
00612
00487
00583
00516
00532
00573
00497
00609
00486
00612
00483
00585
00517
00541
00570
00502
00606
00483
00616
00482
00588
00508
00545
00563
00509
00606
00482
00621
00478
00595
00503
00552
00560
00513
00603
00482
00612
00477
00593
00496
00550
00548
00513
00600
00489
00626
00479
00611
00494
00557
00543
00517
00592
00489
00614
00478
00606
00493
00564
00538
00524
00591
00500
00622
00490
00626
00507
00589
00551
00554
00613
00529
00658
00524
